ativo=USDJPY
volume=0.01
timeframe=M15
preco_compra=143.722
tp_compra=143.969
sl_compra=143.460
preco_venda=143.474
tp_venda=143.221
sl_venda=143.750

ativo=EURUSD
volume=0.01
timeframe=M15
preco_compra=1.18093
tp_compra=1.18316
sl_compra=1.17849
preco_venda=1.17868
tp_venda=1.17645
sl_venda=1.18100

ativo=GBPUSD
volume=0.01
timeframe=M15
preco_compra=1.32899
tp_compra=1.33175
sl_compra=1.32600
preco_venda=1.32621
tp_venda=1.32350
sl_venda=132938








